V7   162.676  0.259829  0.00445661  0.247652  0.00123779  2.380  0.348  0.215086  .012604383
V8   108.248  0.172896  0.00211996  0.185374  0.0010195  2.396  0.346  0.183514  .010154194
V9   96.9095  0.154786  0.00179457  0.16632  0.00129414  2.414  0.346  0.16849  .009774298
V10   81.0244  0.129414  0.00223718  0.144338  0.000804919  2.441  0.346  0.15979  .007119123
V11   57.4194  0.0917114  0.00113324  0.103848  0.000651434  2.473  0.348  0.146161  .003524688
V12   52.6129  0.0840344  0.000703465  0.0933551  0.000553862  2.504  0.348  0.139682  .003098867
V13   47.0618  0.075168  0.000776918  0.0842294  0.000535482  2.517  0.346  0.138803  .00177875
V14   43.282  0.0691309  0.000644486  0.0762553  0.000476564  2.531  0.348  0.137851  .002147736
V15   39.8043  0.0635762  0.00078584  0.0692569  0.00042888  2.543  0.346  0.132668  .003536367
V16   37.6903  0.0601997  0.00070413  0.0660513  0.000443119  2.565  0.348  0.130321  .002888198
V17   35.9249  0.05738  0.000752032  0.0623196  0.00097664  2.568  0.348  0.1283  .002719642
V18   32.3002  0.0515905  0.000428946  0.0562277  0.000261476  2.588  0.348    
V19   29.4659  0.0470635  0.000564295  0.0509046  0.000332819  2.595  0.348    
V20   26.9837  0.0430989  0.000502  0.0462327  0.000288523  2.601  0.346    
